"","B.cells.naive","B.cells.memory","Plasma.cells","T.cells.CD8","T.cells.CD4.naive","T.cells.CD4.memory.resting","T.cells.CD4.memory.activated","T.cells.follicular.helper","T.cells.regulatory..Tregs.","T.cells.gamma.delta","NK.cells.resting","NK.cells.activated","Monocytes","Macrophages.M0","Macrophages.M1","Macrophages.M2","Dendritic.cells.resting","Dendritic.cells.activated","Mast.cells.resting","Mast.cells.activated","Eosinophils","Neutrophils"
"928_04",0.601089625737455,0.00441494491948775,0.00383967667644919,0.00376802032038612,0.00378843686056391,0.00382179618277725,0.00388262886268112,0.00364266085339848,0.00382711239758575,0.0042513967382789,0.00388290087733913,0.00371223513272953,0.00378999963108522,0.00378184217796807,0.00406399134702283,0.00376955816287376,0.00361416046967484,0.00410422935538646,0.00378883602241407,0.00370153410730833,0.0038544998099022,0.321609913357232
"928_09",0.459090827905452,0.109008837627855,0.0271524711108391,0.0197738182909661,0.019756784928154,0.0207285791389662,0.0199206075287983,0.0203718784161116,0.0205776999982727,0.0196537965007222,0.0192987294164003,0.0185624672211588,0.0201025665431871,0.0192392812352341,0.0201298052918023,0.0197987303906245,0.019193107807691,0.0207908767721814,0.0195749153839563,0.0198051163764008,0.0293640787733087,0.0381050233419182
"935_01",0.00753249480203572,0.00760249085141764,0.00729155041169855,0.00675606153035276,0.00672355748404721,0.00677398479460268,0.00706480514871826,0.00672935691395486,0.00688436511842013,0.00745113188443709,0.00748519363918649,0.00783356466972032,0.00787721456590798,0.00742072771127592,0.00750753236597034,0.00798574952984454,0.0078824423930034,0.00771057457543049,0.0071517485605878,0.00714552958373652,0.00739875559134315,0.845791167874308
"928_07",0.00511467042402732,0.0042292329282471,0.00441208331109489,0.00432689758030291,0.00439866700723352,0.00403885590312022,0.00429395099458749,0.00419066026695612,0.00427125278743568,0.00412073217933777,0.0050412394683415,0.00430494978368133,0.00422404198848341,0.00494511256010791,0.00419165548266295,0.00421422711169875,0.00663821044135807,0.00433491451997631,0.00424005237592866,0.00419829607346283,0.0040083882747095,0.906261908537246
"935_02",0.104561619802734,0.00592726229192496,0.00632518378872669,0.00541070242838445,0.00565818173741447,0.00563750592982852,0.00556986925470826,0.00544017763926783,0.00526548012641112,0.00594586649151355,0.0057010266613351,0.00557129379123591,0.0267269786739731,0.00614860250790635,0.00586289583096066,0.00875632477505156,0.0136582415972092,0.00591839738043899,0.00586526317182074,0.00579352018271817,0.00609073882868472,0.748164867107752
"930_09",0.00492032373832987,0.00559007824311058,0.00601180535316599,0.00669586162710815,0.00644170406034129,0.00648044789824501,0.00622186950148214,0.00613008090264128,0.00631921418133029,0.0112057991750564,0.00671129483155572,0.00754470379286255,0.00676081488915757,0.00633517493419073,0.00651299790925688,0.00664645519802873,0.00689589751059727,0.00604605619354799,0.00639256091871029,0.00637319530785858,0.00648750837777847,0.861276155455644
"928_06",0.0438662343085099,0.0410033511142519,0.0385284890334785,0.04858207991322,0.053425885325916,0.068067123859228,0.0430808935992287,0.0724750983968517,0.0746370939294204,0.0578040378187226,0.0424956152344413,0.040097507830495,0.0365204412039235,0.0384526164944432,0.0402842004468813,0.0368254395471593,0.0360351230477533,0.039832942869593,0.0378983945765118,0.0388592185297964,0.0383467272029696,0.0328814857172046
"935_03",0.772079840086715,0.0103473386024371,0.00986984031659047,0.013766175370626,0.0106016210240075,0.019284383075471,0.0130009583693253,0.0109366026546021,0.0127844106945622,0.0103307090231711,0.0103651341512962,0.0101536690040196,0.00948171795242036,0.00952862286806815,0.00997064208784747,0.00965923866448205,0.00969417907440442,0.0103900746484331,0.00983381049649853,0.00954893373540603,0.00992347588615015,0.00844862221346623
"935_08",0.00797758047254418,0.00805141233390661,0.0079627618793321,0.00973316794844595,0.0088718921401304,0.0090967703778208,0.00873330879562534,0.00891153441516534,0.00884158488459661,0.00967744641828566,0.00939232769214711,0.00956853339504473,0.0092006967237014,0.00839850271983327,0.00832705467918319,0.00859427259743647,0.00839559956888726,0.00819656644836284,0.00870376395238373,0.00873567062780151,0.00882815940237413,0.815801392526991
"920_04",0.0588011093974329,0.043378526002337,0.0430776358568652,0.0438037940374271,0.0414087559912427,0.0444825239725444,0.0436468213202334,0.04377291391965,0.0437819972662063,0.0487840431221648,0.0437737114751938,0.0442586757129707,0.0412788842218154,0.0468175151432728,0.0447014379406939,0.0407571306562144,0.0501365305865916,0.0743346042230672,0.040926675565975,0.0404660516580252,0.0415189046779881,0.036091757252088
"920_03",0.0496821933732139,0.04501306648869,0.0433315930140368,0.0520449277822186,0.0470879658300786,0.0500694355427743,0.045806052150339,0.0493063839371495,0.0497746159251207,0.052307900394607,0.0471853966546307,0.0425098849931586,0.0418178575509482,0.0449617354179525,0.0461819952831751,0.0427213409532511,0.0410313782259138,0.0434470588783853,0.0420719123508446,0.042839275225003,0.0429232185810677,0.0378848114474408
"920_09",0.868680868351838,0.00526578792078773,0.00434292885581593,0.004411130692516,0.00426421347308714,0.0043502012551022,0.00455891108564964,0.004457505266989,0.00428073186987623,0.0048414966588563,0.00419540126898515,0.00408312237025609,0.0044874286637846,0.00424984284294815,0.00458715642200762,0.00441916272283306,0.00456069117452307,0.0427030490877686,0.00445138396201104,0.00435650379652482,0.00442979325316248,0.00402268900467732
"935_05",0.00292845626643115,0.00308321959666325,0.003551583679325,0.00376272858730118,0.00359793391854828,0.00356282281109933,0.00350348491495226,0.00342092701818232,0.00391727284494684,0.00350432185182031,0.00342745708577763,0.832475380013343,0.0032558022404267,0.00390189068238368,0.00354101373489376,0.00342870339086796,0.0725880145166164,0.0240747432095197,0.00330530175285563,0.00344483388794285,0.00346068403684985,0.00826342395925292
"928_03",0.801312276703962,0.00970478551471571,0.00914510833713941,0.0134530830585539,0.00955181357239123,0.00964689311716838,0.00921424580771081,0.00990124420946584,0.0127789033460418,0.0101828373966732,0.00942314160239455,0.00848863610112704,0.00876856093666271,0.00893348468236296,0.00885601931741623,0.0085342806298022,0.00858951523126284,0.00928824871996849,0.00844437129639852,0.00862137854709904,0.00884633686940349,0.00831483500227937
"920_06",0.487499289165613,0.0233615368210506,0.0215120363509379,0.0599952095666038,0.0248153942857235,0.026150672417289,0.0239426247266028,0.0261596964436447,0.0274700161153693,0.0279372789862817,0.0223490257657801,0.0215518150746909,0.020667947097149,0.0208774536427348,0.0213200032362751,0.0207216071580355,0.0200069556933372,0.0219842759861229,0.0207362005890655,0.0212983533388226,0.0211625084205551,0.0184800991183148
"935_07",0.0360639317373878,0.0266434536706564,0.0247944630733946,0.0271575390109355,0.0255796816560383,0.0255494265452339,0.02496698079974,0.0250211379347458,0.0250551673539145,0.0265537583544849,0.0258184202298417,0.0239126978378085,0.0267121496960634,0.0250253766911385,0.0254174288045635,0.0264015961033197,0.0240866516766394,0.0259488816486377,0.0257170108627614,0.0254918812957461,0.0262516679438697,0.451830697073079
"935_10",0.273929365484706,0.00615310315765186,0.0057241761527297,0.00594108722045408,0.00588774669564736,0.00577736792504871,0.00549029048807239,0.00611095404517086,0.0151487515513686,0.00554417962178729,0.00601607812536415,0.00545281731794847,0.00549010444070554,0.00554231456907726,0.0055570153639887,0.00567686059478819,0.00555666218902987,0.00561169067540043,0.00565192212515408,0.00538148353161477,0.00568610165947176,0.60266992706482
"930_06",0.00340570639614659,0.0035183832740118,0.00388576113627208,0.00416392581607131,0.00409236024030413,0.00394567515194707,0.00392493376721281,0.00401765359934533,0.00440886641907651,0.00454770966213904,0.00429195646764412,0.00451487467360697,0.00403153769309105,0.00379571985099295,0.0038211191624849,0.00386941530112425,0.00401546944694062,0.00398782216959949,0.00403779581200695,0.00407623562606411,0.0039207811414823,0.915726297192436
"928_05",0.0406186583212664,0.0430734471482346,0.0416862573223096,0.0525696374658919,0.0504511447470473,0.04993533542202,0.047296321668414,0.0522501482895835,0.0524326145916248,0.0569027732831586,0.0478129483002045,0.0470928890269688,0.0400680591236515,0.041456358945977,0.0466681557305177,0.0435191802933672,0.0418065528717054,0.0444112281024442,0.0405986110256884,0.0402302623458806,0.0416554625715618,0.0374639534024824
"928_01",0.169253679296994,0.0463098455516649,0.0363951863205465,0.0410878226798421,0.0415991797566467,0.0691164291816493,0.0404832786590171,0.040624840732776,0.0405878065240819,0.045477712182618,0.0368252838322392,0.0366475993938102,0.0357476002923729,0.0352854611172623,0.0383677932959782,0.0369397302457462,0.0384636183613282,0.0378342692924637,0.0350613212902314,0.0349557118152564,0.0352990545574825,0.0276367756199919
"928_10",0.0480862078759488,0.0461924859754259,0.0483456176415372,0.051450218443041,0.0461620848130985,0.0471912642480407,0.0459297422883919,0.0462517762505466,0.0468983746808107,0.0471711711756991,0.0463786892710512,0.046050980821831,0.0432551311277246,0.043851651012251,0.0459510833235913,0.0445372352236285,0.0415735627382938,0.0439529741149012,0.0426752275069105,0.0427589781309211,0.042052752626872,0.0432827907094834
"930_08",0.00332959836425811,0.003054436601391,0.00321100255825344,0.00326353685932436,0.00327336548900352,0.00330176715052089,0.00337403734523451,0.00327081249083564,0.00328076629079311,0.00383882760915729,0.00314209491564893,0.431834984976749,0.00346822316997086,0.0034240385283679,0.00344014264299688,0.00340043348038778,0.456949225769572,0.0462946996955311,0.00324045874734404,0.00340718704490113,0.00333509386763585,0.0048652664021225
"920_10",0.744014811442734,0.0134253554555078,0.0115457272726721,0.0126282108358286,0.0121446102138203,0.0124238190657805,0.0124683809991107,0.012221941952032,0.0123891379955106,0.0126130525404533,0.0121782919734885,0.0115044501096892,0.01167175745637,0.0124614931045082,0.0122655332224458,0.0123755129526702,0.0114775537951268,0.0130153979573009,0.0120689083041865,0.0127640915305463,0.012001680809505,0.0103402810107126
"928_08",0.00665882251359883,0.00669965318136719,0.00658289016593861,0.00804305602792773,0.00775533163492991,0.00772560317902372,0.00713325846110042,0.013811810014495,0.846990566310753,0.00669259925039569,0.00694806208776761,0.00701442524411499,0.00665378603618354,0.00687573375719173,0.00693712496426246,0.00680538655047631,0.00702442702734848,0.00674241202374408,0.00668505530126342,0.00661215347145205,0.00667721463371585,0.00693062816294987
"920_07",0.273711495693215,0.00945423358111055,0.00888044959457138,0.00871524821601209,0.00878999595513016,0.00893902008699341,0.00899113891560288,0.00991828580082795,0.539051599004545,0.00832678199514292,0.00853253406474681,0.0080873792804331,0.0127177489803326,0.0102230461435219,0.00879282466609458,0.00907717962973691,0.00903720241327628,0.0125760134717879,0.00878824500846417,0.00861326472579932,0.00881171102379946,0.00996460174885596
"753_10",0.716663263918005,0.012458826133406,0.0126948047207765,0.0125101510982062,0.0126513777975233,0.0124382926319485,0.0123775209036983,0.0123301784435999,0.0127343476630967,0.0122091221240624,0.0120693881591079,0.0114523315115587,0.0125522784119987,0.0124182652332741,0.0122363654232296,0.0123356298313196,0.0132133904906526,0.0141517336947993,0.0133327935079584,0.0192062472385697,0.0129943103897508,0.0249693806734581
"753_07",0.133315178180078,0.0353240713336981,0.0161206939360695,0.0154537574758719,0.015439184379863,0.0159824281587921,0.0152779386680021,0.017605248678946,0.0171296001677798,0.0145391118579817,0.0153982132690477,0.0156671192720493,0.215171707425946,0.0324792025248498,0.015398898128737,0.0176655840706944,0.0276301742130065,0.0155524178977462,0.015758656369088,0.0160434797021819,0.0245997518582787,0.292447582431293
"753_04",0.0354316666512504,0.0386699267175334,0.0415452592632703,0.0445231598428213,0.0432512465277746,0.0433332476912833,0.0448807366497883,0.0467785660878168,0.045026036475969,0.0462079321662856,0.0454369997822876,0.054842458729421,0.0455276507570814,0.0442942944418903,0.0450714259227493,0.0441135149400588,0.0447787277644156,0.0437110422317778,0.0431337719657224,0.0443432432298724,0.0426390749763222,0.0724600171846081
"753_01",0.035411081452793,0.040728907670342,0.0425299369671645,0.0441330914795624,0.0428370102234481,0.0431356017779341,0.0434996554113946,0.0455225818867789,0.0463505682445666,0.0451641324466463,0.0463664607838618,0.0533106857773068,0.0448418143857298,0.0456448563371829,0.0452344758842067,0.0456232794912727,0.0484333468738563,0.0445973083828068,0.0421885331400813,0.0431783336664439,0.0438124040358538,0.0674559336807668
"757_01",0.00628931607133113,0.00680740666528893,0.00695905296685674,0.00658654758965514,0.00675745816963047,0.00703799176391262,0.0073695809847089,0.00658281725595276,0.006962344950462,0.00730850698589082,0.00778038415268268,0.00766714579140497,0.00774359873953193,0.00863654082855671,0.0113783903365448,0.00833528083948891,0.837994987821674,0.0082400385768715,0.0074122279331281,0.00748047842660216,0.00739078324778237,0.0112791199020421
"757_05",0.302989954431645,0.0325082970640239,0.0320927802834874,0.0315176263941126,0.0303282207171494,0.0341029700759286,0.0325113637281435,0.0300848129806858,0.0292501091987241,0.0379026634636069,0.0300008972128176,0.0340314845359002,0.0315876863619146,0.0307161630883071,0.0309974259356526,0.0374113361812275,0.0404628131264572,0.0352255264808025,0.0374438884145563,0.0370948877595252,0.0338441459882784,0.0278949465770538
"772_07",0.138012410765169,0.0400957749153788,0.0477667169013822,0.0413650233533026,0.040096516274393,0.039298861984023,0.0404971730317498,0.0401629094388884,0.0377119580860573,0.045231400423708,0.0406447383589018,0.0418710122025847,0.0402546920366079,0.039593689747431,0.040893566046393,0.0393770965125014,0.0405788045514102,0.0465987560836939,0.039719690640724,0.0393853716714444,0.0395615509278342,0.0412822860464212
"757_08",0.0332596251069332,0.0381550226208392,0.04089937458064,0.0549292412153568,0.0462330388908838,0.049828796360478,0.045488979260222,0.047685114978501,0.048600927132967,0.0695790374485595,0.0485979088129325,0.0501231434229501,0.0423219511551951,0.0436709381665271,0.0443067575374165,0.044744761014155,0.0424767196167989,0.0406926435944441,0.041878851582256,0.0416633592549464,0.0410359365050562,0.0438278717419419
"764_09",0.142135658634592,0.00561774628277323,0.0057519518345461,0.00605313081931856,0.0053563805512993,0.00564854471299537,0.00571113948729802,0.00591861055123612,0.00545896742243336,0.745180785613829,0.00590416665857405,0.00556774370241997,0.00533145494378905,0.00532568854862251,0.00586189457224142,0.00593591708961938,0.00581792853644994,0.00589219548566416,0.00563517609104697,0.00561976272597064,0.00535465957948914,0.00492049615579143
"764_07",0.0428613917534904,0.0438529986503832,0.0445923077455823,0.0466901394341756,0.0460158831634199,0.0454955887192011,0.0453261227317675,0.0450978868863079,0.0474942943315029,0.0467251200143586,0.0471581611223135,0.0457151524907047,0.0443777536604205,0.0431535514965927,0.0502359535695613,0.0459333187774525,0.044816370956961,0.0448972774046645,0.0452171602813236,0.0443675243223906,0.0427791529025317,0.0471968895848941
"772_06",0.0690216865429532,0.0385639857842729,0.0420388871263507,0.0410972467509918,0.0396643521802374,0.0386624173365483,0.0401693114838258,0.0390155516071097,0.0413873356788396,0.0381241272432254,0.0394820228786128,0.0742622359543424,0.0386191750544951,0.0393453281904927,0.0399587186964006,0.0396930390772099,0.038804502655752,0.0403668778466495,0.0407439338859085,0.0575365058612481,0.0689018616591197,0.054540896505414
"775_06",0.0540052596374873,0.0438773828569962,0.0419844483170515,0.0420168968147257,0.0417025909918656,0.0427533844202042,0.0440652858757607,0.0439438669994299,0.044402879903985,0.0380813624461766,0.0402754591137438,0.0398575212890167,0.0498274415454731,0.0542630145781222,0.0452590178230134,0.0516544085463617,0.0564789225390147,0.0414473948437938,0.0417440502735058,0.0408800382961605,0.0418665806436175,0.0596127922444941
"775_05",0.136606449728101,0.0450735919206692,0.0390209429128428,0.048342317073267,0.0418837159287055,0.0547611905723826,0.0412848694466342,0.0437902727464653,0.0460662337601892,0.0393889836195761,0.0397277632937639,0.036140507413125,0.0386394859343811,0.0371400079898928,0.037734009241224,0.0375059360761762,0.0371053224807816,0.03720825638797,0.0381858026103033,0.0376052427991383,0.0402449036278142,0.046544194436597
"775_07",0.795150742923092,0.00995763412375769,0.00932590496057989,0.0100922658929956,0.00975523138835827,0.0099176113058566,0.00981082015211617,0.0100835697411544,0.0101682471526145,0.0102831555178575,0.0101948665146475,0.00962095639508693,0.00938450938917389,0.00966349706582769,0.00982438240302256,0.00951370493058134,0.00903565358995596,0.00979636853390472,0.00932062509875841,0.00976683542272294,0.00993338260999227,0.00940003488794279
"775_02",0.0352797220085664,0.0357050804391824,0.0361480065736468,0.0380715441956105,0.037371168702487,0.039785342976889,0.0366130148178851,0.0359634435750239,0.0376548551332107,0.234499257897064,0.0397777636003393,0.0377030509076424,0.0350662436977744,0.0354453168916906,0.0376090222412401,0.0356583697740108,0.0348084639178247,0.035227389801013,0.0366689265648383,0.0348832875069413,0.0336637656208217,0.0363969631562979
"772_09",0.309214800233564,0.0456279151854522,0.0317925953595717,0.0293314693954455,0.0326478833350649,0.0328076262745772,0.0325411046464033,0.0307357047465695,0.030645275382122,0.0330587367739216,0.0327364628225431,0.0327613271181685,0.0337161627674394,0.0317291327282003,0.0332487358227301,0.0319550731543106,0.0324927755479798,0.0342284190978187,0.0309240789759338,0.0319915818082064,0.0345151324490644,0.0312980063749133
"764_05",0.58438701794782,0.151977656295388,0.0135006039470118,0.012851411242353,0.0124064490660976,0.0126495862413768,0.0129982327605474,0.0135845599643055,0.0123408521603938,0.0129776999642111,0.0132115086021248,0.0129706726400537,0.013194257453536,0.0130976445328684,0.0131065301461279,0.0131965344897378,0.0129985999985256,0.0131582597710912,0.0136683629679163,0.013563563896201,0.0131330029754469,0.0150269929368652
"775_01",0.483570104048171,0.0031280848083213,0.003021456845756,0.00369058335095747,0.00538203491414826,0.00354500035775119,0.0033409549798592,0.00369658006279712,0.00348346275546049,0.00489062817145633,0.00369541052241182,0.00311160595271063,0.00319065999825401,0.00316513183288841,0.00317867601524773,0.00314855500780452,0.00312171416245215,0.446850207018347,0.00313750127423923,0.0032240680577579,0.00313440689302198,0.00329317297018703
"775_03",0.0332392660560877,0.0389176961921111,0.0434867672929087,0.0485723306598537,0.046453343676669,0.049656313685672,0.045061892590926,0.0479820323558433,0.0492761351010474,0.0505976999457009,0.0454609020817762,0.0497799552931239,0.0436209612391149,0.0460801090375055,0.0464460293951026,0.0481937997019866,0.0453402785818311,0.0433743103592551,0.0423640364147296,0.0429898495219208,0.0439155096538876,0.0491907811629462
"772_08",0.064322631165311,0.0446357572850867,0.0438585621043689,0.0621597742577669,0.0441280609900872,0.0486603884725332,0.0437576884666653,0.0484287313861002,0.0482028981199425,0.0433803513166232,0.0451085923521825,0.04112799291262,0.0425821264587557,0.0415076881724417,0.0435949909376335,0.0407821785248103,0.0390795844678283,0.0428646517493642,0.0427173805098524,0.0424772706273279,0.0435278823553113,0.0430948173673873
"764_03",0.843670786259142,0.00745578437240017,0.00731233590473717,0.00786784202980158,0.00742437160579339,0.00762103697637724,0.00753363098467794,0.00793145957619395,0.00786928948122003,0.00733580230017495,0.00732485541432513,0.00700268682610107,0.00710238237389113,0.00755030107603744,0.00696710471534173,0.00729837578444102,0.00761786824634052,0.00806092550257336,0.00719930204542069,0.00776334109834086,0.00737768286675512,0.00671283455991322
"772_03",0.0319774056596352,0.0361406038806788,0.0359836288776263,0.152250071092356,0.0417270278923803,0.0434557377056294,0.0409330140267887,0.0403802074847878,0.0448626406177876,0.0662608594072153,0.0402892661577153,0.0528539254842065,0.0348607784498239,0.0372558958918215,0.0376223323955583,0.0375641552202329,0.0377875547465274,0.0362368447327059,0.0371382120918698,0.0384175578976031,0.0362499244192666,0.0397523558677838
"753_05",0.7447207528087,0.0133377667329774,0.0120033481230547,0.0126971663227902,0.0124450321955771,0.0119149789412618,0.0117031150186245,0.0125736456744722,0.0124823780118542,0.0113893104922018,0.0118257772435962,0.010849297647325,0.0126458993831615,0.0121717127602606,0.0118710489138096,0.0126256959174872,0.01180863826095,0.0119050043914459,0.0118596656007287,0.0120455045860134,0.0123424426013578,0.0127818183723506
"772_10",0.820169983336962,0.00563288264872523,0.00608181680174662,0.00591003853211988,0.00590745720004866,0.00585183207708245,0.00577113449800089,0.0058153023301434,0.00574187078392011,0.00673841627215187,0.00609400455477692,0.0059130164275244,0.00574455411379037,0.00625559526192122,0.00588879276605589,0.00622365020869126,0.0104541454944639,0.00929886749678848,0.0216354663027946,0.0271770621740693,0.00601743665398368,0.0156766740642391
"764_08",0.0372994358800482,0.0393985480207727,0.0413260986229265,0.0494446626132966,0.0460465714543111,0.050705080000361,0.0444548060119452,0.0487975357111823,0.105519972932772,0.044201224658724,0.042387648637892,0.0427057233050238,0.0401749132357223,0.0408136641487704,0.041532507569486,0.0414369101791967,0.0401374151821848,0.0398214783386783,0.0400878703923924,0.0406806691817763,0.0417279293507249,0.0412993345718128
"764_06",0.72801901336471,0.0150808540166005,0.0125517282128742,0.0111949936565316,0.0114333312266987,0.0115362337882074,0.0122549026863322,0.0118544756386049,0.0121889202544054,0.0118090332206595,0.0120405882600738,0.0119451595050079,0.0134109879793196,0.0131846956866119,0.0148304692062025,0.0131430238829167,0.0128417745881019,0.0134312907120646,0.0124178216909551,0.0125514065608493,0.0132544302088982,0.019024865653374
"757_02",0.0362585529779796,0.0395338199294759,0.0378452703599454,0.0910363670693587,0.0597452058811264,0.0619275912347205,0.0426436980066332,0.0443659068230597,0.0641738651869477,0.0448722035835385,0.0425642365842307,0.0413622242466221,0.0398467784579234,0.0368901675535992,0.0398965496771989,0.0403258165882471,0.0379581476012536,0.0383351255398033,0.0383410160540429,0.03793555078774,0.0399396883806091,0.0442022174759446
"764_01",0.0319639356801438,0.0318362128102375,0.0303543287272682,0.0302200589551104,0.0299025988927914,0.0307792437024652,0.0303087110250319,0.0281594256573481,0.0290459210246244,0.0323477023236106,0.0318948709831677,0.0303902639672372,0.0341490265594012,0.0311744590931292,0.0304247172063197,0.032435999028883,0.0325863013966961,0.0311822345751562,0.0310155956933697,0.0315315404919208,0.0320207868710913,0.346276065334996
"772_02",0.772035863519998,0.00991089349083839,0.00896208969553539,0.0082528253930384,0.00850771229923035,0.00873421557929341,0.00845489435097847,0.00852865240335918,0.00855437299001061,0.00939218325318585,0.0085921297095636,0.00879708990265731,0.0104967508342955,0.00865751386974525,0.00940406469683299,0.00894609839531907,0.00896332782296492,0.00891565042274116,0.0088810780763125,0.00883855026502997,0.0118858678539073,0.0462881751751624
"753_08",0.133621540383771,0.0437199170282713,0.0402303722175589,0.0411765004605403,0.0412041923648389,0.0416543870489307,0.0388344956292483,0.0403695907378581,0.0453801287731859,0.0426104712363387,0.041690351936502,0.0396159829808927,0.0431632547419897,0.0413851195834457,0.0427669276690298,0.0417125671837708,0.0386499416865455,0.0405178795166622,0.0397990481482744,0.0386598543395378,0.041396822818575,0.0418406535142317
"775_04",0.0349195434340462,0.0355942912330463,0.0368150332235672,0.0411871363129301,0.0379357472790051,0.0414165973450221,0.0388503988172168,0.0392354904500451,0.0389469292759779,0.108771354235357,0.039991193217131,0.1361339873124,0.0370898075963558,0.0357185585053967,0.038815493352719,0.0369137472816025,0.0356969149381274,0.0379350666170507,0.0366618533671365,0.0362204162057501,0.0386640210962235,0.0364864189038926
"757_04",0.050719335452616,0.045260103913014,0.0470814379985244,0.0446393162890926,0.0437752513778662,0.0443039929542275,0.0446147610554605,0.0438742590550293,0.0436534163925868,0.0465944758803816,0.0458229113148698,0.0470317107343294,0.0455773244623562,0.0455244924261401,0.04693046390827,0.0446048142387452,0.045615407013756,0.0482012352239756,0.0432569264919048,0.0436117397308821,0.0454445468355157,0.043862077250456
"764_04",0.0402151324217948,0.0442485134081227,0.0436875062298171,0.0455099421581183,0.0440953703775786,0.0448410552832281,0.04717856405412,0.0435316414809476,0.0464609357580511,0.0463490399278422,0.047773597639118,0.0463775242055808,0.0447192528892455,0.0478144581426734,0.0485517910160992,0.045100717671244,0.0471531932745599,0.0460332990532232,0.0439433546956348,0.0445440852255991,0.0444118412707068,0.0474591838166948
"757_07",0.271341214295013,0.00393222696294703,0.00395013040730989,0.642425747553842,0.00387279969392821,0.00388799964999908,0.00393035015922731,0.0038032767651129,0.00411760130715225,0.00729443551429714,0.00417209858912902,0.00398518405987754,0.0039695882565109,0.00401947953681297,0.00400200024271498,0.00381612015435755,0.00398632314096918,0.00405204945045669,0.00393957340105825,0.00405489306905481,0.00406377377830293,0.00738313401192641
"772_04",0.136098453020001,0.00265356813513997,0.00263872685875287,0.00239161065286363,0.00242255620484218,0.00247672333062618,0.00252294111888611,0.00240921467921732,0.00240344721635299,0.00260534908168618,0.00239205989383375,0.00281009716846892,0.00256143112112266,0.00264735598948768,0.00244321172913844,0.00267433428787754,0.00416595335881792,0.442952400453362,0.00245832831457076,0.00256468033824524,0.00259041901634552,0.371117138030361
"753_02",0.0606855651663936,0.0465373697841371,0.0438375022743936,0.0534776522469431,0.0470900418093857,0.0480796867985894,0.0463658768144545,0.0479057143208695,0.0560594338486241,0.0442646650656152,0.0421701860451947,0.0429062655751375,0.0419707294315056,0.0427716653548918,0.0428816921843685,0.0421728671817113,0.0404736700624408,0.0421768832280681,0.0430291539096292,0.0429401622883072,0.0422807324343987,0.0399224841749409
"757_06",0.106148711734368,0.00657107646804314,0.0634596469259626,0.00515601122048693,0.00489858642167059,0.00499799510572161,0.00515667168236642,0.00500036023007526,0.00500961411154492,0.0048367030032622,0.00513149421544075,0.00508862062253886,0.00597680074272658,0.0141572630531301,0.00555649179803697,0.00517287992849579,0.0106288640728437,0.115597732549483,0.0052274952942898,0.00535769749639388,0.0050803382371312,0.605788945085988
"753_09",0.0482710532034319,0.0501797984043399,0.0440030275742667,0.0417467236354722,0.0441205577182506,0.042647078892423,0.0436316856945191,0.0429089924512761,0.0444127167178038,0.0469162511597894,0.0459197539611689,0.0465022265422891,0.046142149904069,0.0464439952833427,0.0466119989043788,0.0459673201688859,0.0544674390711959,0.046668224414218,0.0426717557900011,0.0424935828127944,0.0443122707176092,0.042961396978474
"764_02",0.00435809468184412,0.00444354503755115,0.00446057407854411,0.00458482377049874,0.00467368988114402,0.00445449868311888,0.00444171048394737,0.00458675017138676,0.00451819618859239,0.90370020480896,0.00425590386697348,0.00432750471778215,0.00446473384524811,0.00448380571078784,0.00487784859247964,0.00589760559867218,0.00454177395454993,0.00474534659019193,0.00436070658457016,0.00446399582362622,0.00435803513492027,0.00500065179460979
"757_09",0.168848557234604,0.0402700397613874,0.0379893935553089,0.036188715386553,0.0363647452380172,0.0369963627739061,0.0376536387452448,0.0366574069046312,0.0369144123402318,0.0407479058107134,0.0376431586392202,0.0400405968072228,0.0396732956939671,0.0400497093259551,0.0408470577919265,0.0401649566028414,0.0458880281263042,0.0400128073394666,0.04136206712427,0.037597919394004,0.0395965815626832,0.0484926438415407
"772_01",0.0171847938855012,0.0113780123270926,0.012877148682346,0.0188104927695718,0.0121737201035406,0.0119972972191713,0.0116583861712603,0.0154723773876739,0.0123330042140673,0.0132873969668469,0.0116850805296491,0.0113424107855255,0.011867686279402,0.0106180745287065,0.0110429326827567,0.0110665144285346,0.011154023340537,0.0109665864271656,0.0112081033682946,0.0110764599158682,0.011643661408012,0.739155836578476
"753_06",0.752475082119648,0.0164049160458126,0.011398960764548,0.0115889311458021,0.011566191751376,0.0114876406294512,0.0114115722735244,0.0114746365781936,0.0111071347077184,0.0109176289706184,0.0115425580283755,0.0114511050138329,0.0112486635922208,0.0112317867929805,0.0112266258617106,0.0111850998146672,0.0107241094263682,0.0116908802641115,0.0110288010356769,0.0113273207882615,0.0122865930399648,0.0152237613551372
"757_10",0.362801920340862,0.00726259130586465,0.00855366925319238,0.00697272619536327,0.00718217340901152,0.00717045334930094,0.00701457825140394,0.00799260916624151,0.00723409124316427,0.00711089552689479,0.00707502779684682,0.00745387654936563,0.00734911755117375,0.00720132422063145,0.00738080486226631,0.007271409662488,0.0087125351196124,0.00798510709807938,0.00743852100311208,0.00705068201818814,0.00731143338975487,0.488474452687182
"757_03",0.0160738544271967,0.00458723715591979,0.004552673548051,0.546841263006676,0.00464729893965522,0.00429960978810362,0.00434843270314083,0.00439399952921472,0.00446190452476086,0.00441468394594662,0.00437856230366021,0.00412959560500565,0.0041455031430944,0.00418685761042172,0.00423837691658255,0.00434737284629882,0.00417964866174589,0.0045282012254488,0.00443609471098925,0.00707127160963822,0.00449689229569204,0.351240665502757
"764_10",0.00191744971477658,0.00185251657005353,0.00192362542419902,0.00176083031535432,0.00180212805223429,0.00183803490291308,0.00187699694454915,0.00195286905979523,0.00180394289813748,0.00182424438690375,0.00184486920747635,0.443928785028695,0.00195925249731229,0.00194173841291647,0.0018988861241166,0.00198662233987604,0.3545273518751,0.00193341400766,0.00194411490768256,0.0019969655842534,0.00186663887766012,0.165618722868335
"753_03",0.0364886900985643,0.0407600652908365,0.0413497144620402,0.0574175102659864,0.0470346349528799,0.0479224095307523,0.0450769030920539,0.0471091995573006,0.0530000705094655,0.0568054937759147,0.049076191235722,0.0477012989120509,0.0428007833765384,0.0427366295860876,0.0441176454031167,0.0415365718284105,0.042454788214456,0.0428172047886833,0.0423056056754002,0.044326811094429,0.0427278045925737,0.0444339737567373
"772_05",0.0322865196315458,0.10038477130641,0.00392663803104956,0.0038650401063007,0.00389451965322379,0.00374091633367897,0.00361211747116029,0.0040923602690288,0.00370713679393635,0.00398802836315091,0.00416885673685152,0.00934058986253952,0.00385261962379396,0.00377314035618384,0.00383460148292458,0.00361662446960297,0.776829533756994,0.00455889946814137,0.00391058690019314,0.00383732820001535,0.00392381507455404,0.0148553561087209
